cam0:
  T_cam_imu:
  - [0.008151865817142985, 0.9996605296342409, -0.024746162835626976, 0.022009642363225456]
  - [0.9999404077919916, -0.007969450652357784, 0.007461147437525375, -0.0018523410930785084]
  - [0.00726140127552204, -0.0248055104298965, -0.9996659235483758, -0.023070561867408388]
  - [0.0, 0.0, 0.0, 1.0]
  cam_overlaps: [1]
  camera_model: pinhole
  distortion_coeffs: [-0.06149950304026363, 0.01482239483103718, -4.2262668598600376e-05,
    -0.004695939149020058]
  distortion_model: radtan
  intrinsics: [526.8317903597064, 529.3031843485312, 638.3784593472517, 362.9824564554476]
  resolution: [1280, 720]
  rostopic: /cam0/image_raw
  timeshift_cam_imu: 0.004636372862913989
cam1:
  T_cam_imu:
  - [0.008533979229391139, 0.9997126013742517, -0.022402809021162012, -0.0980164771144062]
  - [0.999860259061585, -0.0082088973512261, 0.014562841535120956, -0.0018998775811275652]
  - [0.014374753834842933, -0.022523957418787904, -0.999642955156682, -0.02095925250897706]
  - [0.0, 0.0, 0.0, 1.0]
  T_cn_cnm1:
  - [0.9999971799853854, 0.00039915976641185564, -0.0023410879424085665, -0.12007932824429292]
  - [-0.00041575845405350656, 0.9999747510912, -0.007093963983337951, -0.0002020942977199391]
  - [0.002338197207486097, 0.0070949173053595944, 0.9999720971018369, 0.0020723449454582658]
  - [0.0, 0.0, 0.0, 1.0]
  cam_overlaps: [0]
  camera_model: pinhole
  distortion_coeffs: [-0.038530979257722586, -0.0011187957905845088, 0.00016590790457398838,
    -0.005718363572661035]
  distortion_model: radtan
  intrinsics: [524.9031086062662, 529.9497896073701, 656.2080381510465, 343.62999148021566]
  resolution: [1280, 720]
  rostopic: /cam1/image_raw
  timeshift_cam_imu: 0.004269636628754765
